((("require" .
   [1 0 0 0 0 0 0])
  ("rainbow-mode" .
   [0 0 0 0 2 0 0 0 0 0 0 0])
  ("30" .
   [3 0])
  ("5" .
   [3])
  ("7" .
   [3])
  ("65" .
   [3 0])
  ("Bar_Item1" .
   [2 0 0 0 0 0 0 0 0])
  ("none" .
   [1 0 0 0])
  ("import" .
   [1 0 0 0 0 0])
  ("Bar_Item2" .
   [1 0 0 0 0 0 0 0 0])
  ("345px" .
   [1 0 0 0 0])
  ("409px" .
   [1 0 0 0 0])
  ("457px" .
   [1 0 0 0 0])
  ("540px" .
   [2 0 0 0 0])
  ("670px" .
   [2 0 0 0 0])
  ("758px" .
   [1 0 0 0 0])
  ("959px" .
   [1 0 0 0 0])
  ("1200px" .
   [1 0 0 0 0 0])
  ("max-width" .
   [4 0 0 4 1 0 0 0 0])
  ("and" .
   [9 0 0])
  ("screen" .
   [9 0 1 1 0 0])
  ("only" .
   [11 0 0 0])
  ("media" .
   [10 0 0 1 0])
  ("section" .
   [1 0 0 0 0 0 0])
  ("usepackage" .
   [0 0 0 0 1 0 0 0 0 0])
  ("message" .
   [3 0 0 0 0 0 0])
  ("list" .
   [1 0 0 0])
  ("integerp" .
   [0 0 0 0 0 0 0 1])
  ("true" .
   [1 0 0 0])
  ("floatp" .
   [1 0 0 0 1 0])
  ("3.0" .
   [1 0 0])
  ("if" .
   [1 0])
  ("not" .
   [1 0 0])
  ("cua-mode" .
   [0 0 0 2 0 0 0 0])))
